xof 0303txt 0032

// DirectX 9.0 file
// Creator: Ultimate Unwrap3D Pro (x64) v3.50.10
// Website: http://www.unwrap3d.com
// Time: Sun May 08 10:19:40 2016

// Start of Templates

template VertexDuplicationIndices {
 <b8d65549-d7c9-4995-89cf-53a9a8b031e3>
 DWORD nIndices;
 DWORD nOriginalVertices;
 array DWORD indices[nIndices];
}

template FVFData {
 <b6e70a0e-8ef9-4e83-94ad-ecc8b0c04897>
 DWORD dwFVF;
 DWORD nDWords;
 array DWORD data[nDWords];
}

template XSkinMeshHeader {
 <3CF169CE-FF7C-44ab-93C0-F78F62D172E2>
 WORD nMaxSkinWeightsPerVertex;
 WORD nMaxSkinWeightsPerFace;
 WORD nBones;
}

template SkinWeights {
 <6F0D123B-BAD2-4167-A0D0-80224F25FABB>
 STRING transformNodeName;
 DWORD nWeights;
 array DWORD vertexIndices[nWeights];
 array FLOAT weights[nWeights];
 Matrix4x4 matrixOffset;
}

template AnimTicksPerSecond {
 <9E415A43-7BA6-4a73-8743-B73D47E88476>
 DWORD AnimTicksPerSecond;
}

AnimTicksPerSecond {
 30;
}

// Start of Frames

   Frame Scene_Root {
      FrameTransformMatrix {
       1.000000, 0.000000, 0.000000, 0.000000,
       0.000000, 1.000000, 0.000000, 0.000000,
       0.000000, 0.000000, 1.000000, 0.000000,
       0.000000, 0.000000, 0.000000, 1.000000;;
      }

      Frame body {
         FrameTransformMatrix {
          1.000000, 0.000000, 0.000000, 0.000000,
          0.000000, 1.000000, 0.000000, 0.000000,
          0.000000, 0.000000, 1.000000, 0.000000,
          0.000000, 0.000000, 0.000000, 1.000000;;
         }

      }
      Frame Bone000 {
         FrameTransformMatrix {
          -0.000000, 0.000000, 1.000000, 0.000000,
          -0.000000, 1.000000, 0.000000, 0.000000,
          -1.000000, 0.000000, -0.000000, 0.000000,
          0.000000, 0.000000, 0.000000, 1.000000;;
         }

         Frame Bone001 {
            FrameTransformMatrix {
             1.000000, 0.000000, 0.000000, 0.000000,
             0.000000, 1.000000, 0.000000, 0.000000,
             0.000000, 0.000000, 1.000000, 0.000000,
             0.000000, -1.052848, -0.046540, 1.000000;;
            }

            Frame Bone002 {
               FrameTransformMatrix {
                1.000000, 0.000000, 0.000000, 0.000000,
                0.000000, 1.000000, 0.000000, 0.000000,
                0.000000, 0.000000, 1.000000, 0.000000,
                0.000000, 0.000000, 0.000000, 1.000000;;
               }

               Frame Bone003 {
                  FrameTransformMatrix {
                   1.000000, 0.000000, 0.000000, 0.000000,
                   0.000000, 1.000000, 0.000000, 0.000000,
                   0.000000, 0.000000, 1.000000, 0.000000,
                   0.000000, 1.052848, 0.046540, 1.000000;;
                  }

               }
               Frame Bone004 {
                  FrameTransformMatrix {
                   1.000000, 0.000000, 0.000000, 0.000000,
                   0.000000, 1.000000, 0.000000, 0.000000,
                   0.000000, 0.000000, 1.000000, 0.000000,
                   0.000000, 1.052848, 0.046540, 1.000000;;
                  }

                  Frame Bone005 {
                     FrameTransformMatrix {
                      1.000000, 0.000000, 0.000000, 0.000000,
                      0.000000, 1.000000, 0.000000, 0.000000,
                      0.000000, 0.000000, 1.000000, 0.000000,
                      0.000000, 0.000000, 0.000000, 1.000000;;
                     }

                  }
               }
               Frame Bone006 {
                  FrameTransformMatrix {
                   1.000000, 0.000000, 0.000000, 0.000000,
                   0.000000, 1.000000, 0.000000, 0.000000,
                   0.000000, 0.000000, 1.000000, 0.000000,
                   0.000000, 1.052848, 0.046540, 1.000000;;
                  }

               }
               Frame Bone007 {
                  FrameTransformMatrix {
                   1.000000, 0.000000, 0.000000, 0.000000,
                   0.000000, 1.000000, 0.000000, 0.000000,
                   0.000000, 0.000000, 1.000000, 0.000000,
                   0.000000, 1.052848, 0.046540, 1.000000;;
                  }

                  Frame Bone008 {
                     FrameTransformMatrix {
                      1.000000, 0.000000, 0.000000, 0.000000,
                      0.000000, 1.000000, 0.000000, 0.000000,
                      0.000000, 0.000000, 1.000000, 0.000000,
                      0.000000, 0.000000, 0.000000, 1.000000;;
                     }

                  }
               }
               Frame Bone009 {
                  FrameTransformMatrix {
                   1.000000, 0.000000, 0.000000, 0.000000,
                   0.000000, 1.000000, 0.000000, 0.000000,
                   0.000000, 0.000000, 1.000000, 0.000000,
                   0.000000, 1.052848, 0.046540, 1.000000;;
                  }

                  Frame Bone010 {
                     FrameTransformMatrix {
                      1.000000, 0.000000, 0.000000, 0.000000,
                      0.000000, 1.000000, 0.000000, 0.000000,
                      0.000000, 0.000000, 1.000000, 0.000000,
                      0.000000, 0.000000, 0.000000, 1.000000;;
                     }

                  }
               }
               Frame Bone011 {
                  FrameTransformMatrix {
                   1.000000, 0.000000, 0.000000, 0.000000,
                   0.000000, 1.000000, 0.000000, 0.000000,
                   0.000000, 0.000000, 1.000000, 0.000000,
                   0.000000, 1.052848, 0.046540, 1.000000;;
                  }

               }
               Frame Bone012 {
                  FrameTransformMatrix {
                   1.000000, 0.000000, 0.000000, 0.000000,
                   0.000000, 1.000000, 0.000000, 0.000000,
                   0.000000, 0.000000, 1.000000, 0.000000,
                   0.000000, 1.052848, 0.046540, 1.000000;;
                  }

                  Frame Bone013 {
                     FrameTransformMatrix {
                      1.000000, 0.000000, 0.000000, 0.000000,
                      0.000000, 1.000000, 0.000000, 0.000000,
                      0.000000, 0.000000, 1.000000, 0.000000,
                      0.000000, 0.000000, 0.000000, 1.000000;;
                     }

                  }
               }
               Frame Bone014 {
                  FrameTransformMatrix {
                   1.000000, 0.000000, 0.000000, 0.000000,
                   0.000000, 1.000000, 0.000000, 0.000000,
                   0.000000, 0.000000, 1.000000, 0.000000,
                   0.000000, 1.052848, 0.046540, 1.000000;;
                  }

                  Frame Bone015 {
                     FrameTransformMatrix {
                      1.000000, 0.000000, 0.000000, 0.000000,
                      0.000000, 1.000000, 0.000000, 0.000000,
                      0.000000, 0.000000, 1.000000, 0.000000,
                      0.000000, 0.000000, 0.000000, 1.000000;;
                     }

                  }
               }
               Frame Bone016 {
                  FrameTransformMatrix {
                   1.000000, 0.000000, 0.000000, 0.000000,
                   0.000000, 1.000000, 0.000000, 0.000000,
                   0.000000, 0.000000, 1.000000, 0.000000,
                   0.000000, 1.052848, 0.046540, 1.000000;;
                  }

                  Frame Bone017 {
                     FrameTransformMatrix {
                      1.000000, 0.000000, 0.000000, 0.000000,
                      0.000000, 1.000000, 0.000000, 0.000000,
                      0.000000, 0.000000, 1.000000, 0.000000,
                      0.000000, 0.000000, 0.000000, 1.000000;;
                     }

                  }
               }
               Frame Bone018 {
                  FrameTransformMatrix {
                   1.000000, 0.000000, 0.000000, 0.000000,
                   0.000000, 1.000000, 0.000000, 0.000000,
                   0.000000, 0.000000, 1.000000, 0.000000,
                   0.000000, 1.052848, 0.046540, 1.000000;;
                  }

                  Frame Bone019 {
                     FrameTransformMatrix {
                      1.000000, 0.000000, 0.000000, 0.000000,
                      0.000000, 1.000000, 0.000000, 0.000000,
                      0.000000, 0.000000, 1.000000, 0.000000,
                      0.000000, 0.000000, 0.000000, 1.000000;;
                     }

                  }
               }
               Frame Bone020 {
                  FrameTransformMatrix {
                   1.000000, 0.000000, 0.000000, 0.000000,
                   0.000000, 1.000000, 0.000000, 0.000000,
                   0.000000, 0.000000, 1.000000, 0.000000,
                   0.000000, 1.052848, 0.046540, 1.000000;;
                  }

               }
               Frame Bone021 {
                  FrameTransformMatrix {
                   1.000000, 0.000000, 0.000000, 0.000000,
                   0.000000, 1.000000, 0.000000, 0.000000,
                   0.000000, 0.000000, 1.000000, 0.000000,
                   0.000000, 1.052848, 0.046540, 1.000000;;
                  }

                  Frame Bone022 {
                     FrameTransformMatrix {
                      1.000000, 0.000000, 0.000000, 0.000000,
                      0.000000, 1.000000, 0.000000, 0.000000,
                      0.000000, 0.000000, 1.000000, 0.000000,
                      0.000000, 0.000000, 0.000000, 1.000000;;
                     }

                  }
               }
               Frame Bone023 {
                  FrameTransformMatrix {
                   1.000000, 0.000000, 0.000000, 0.000000,
                   0.000000, 1.000000, 0.000000, 0.000000,
                   0.000000, 0.000000, 1.000000, 0.000000,
                   0.000000, 1.052848, 0.046540, 1.000000;;
                  }

               }
               Frame Bone024 {
                  FrameTransformMatrix {
                   1.000000, 0.000000, 0.000000, 0.000000,
                   0.000000, 1.000000, 0.000000, 0.000000,
                   0.000000, 0.000000, 1.000000, 0.000000,
                   0.000000, 1.052848, 0.046540, 1.000000;;
                  }

               }
               Frame Bone025 {
                  FrameTransformMatrix {
                   1.000000, 0.000000, 0.000000, 0.000000,
                   0.000000, 1.000000, 0.000000, 0.000000,
                   0.000000, 0.000000, 1.000000, 0.000000,
                   0.000000, 0.000000, -0.000003, 1.000000;;
                  }

                  Frame Bone026 {
                     FrameTransformMatrix {
                      -0.050049, 0.998743, -0.002845, 0.000000,
                      -0.029816, -0.004342, -0.999546, 0.000000,
                      -0.998302, -0.049942, 0.029996, 0.000000,
                      -0.107070, 0.082831, 0.017870, 1.000000;;
                     }

                     Frame Bone027 {
                        FrameTransformMatrix {
                         1.000000, 0.000000, 0.000001, 0.000000,
                         0.000000, 1.000000, 0.000000, 0.000000,
                         -0.000001, 0.000000, 1.000000, 0.000000,
                         0.000000, 0.000000, 0.000000, 1.000000;;
                        }

                        Frame Bone028 {
                           FrameTransformMatrix {
                            0.995396, -0.095846, 0.000000, 0.000000,
                            0.095846, 0.995396, 0.000000, 0.000000,
                            0.000000, 0.000000, 1.000000, 0.000000,
                            0.375605, 0.000000, 0.000000, 1.000000;;
                           }

                           Frame Bone029 {
                              FrameTransformMatrix {
                               0.997564, -0.069757, 0.000000, 0.000000,
                               0.069757, 0.997564, 0.000000, 0.000000,
                               0.000000, 0.000000, 1.000000, 0.000000,
                               0.111005, 0.000000, 0.000000, 1.000000;;
                              }

                              Frame Bone030 {
                                 FrameTransformMatrix {
                                  0.500000, 0.866026, 0.000000, 0.000000,
                                  -0.866026, 0.500000, 0.000000, 0.000000,
                                  0.000000, 0.000000, 1.000000, 0.000000,
                                  0.348630, 0.000000, 0.000000, 1.000000;;
                                 }

                                 Frame Bone031 {
                                    FrameTransformMatrix {
                                     1.000000, 0.000000, 0.000000, 0.000000,
                                     0.000000, 1.000000, 0.000000, 0.000000,
                                     0.000000, 0.000000, 1.000000, 0.000000,
                                     0.160128, 0.000000, 0.000000, 1.000000;;
                                    }

                                 }
                              }
                           }
                        }
                     }
                  }
                  Frame Bone032 {
                     FrameTransformMatrix {
                      0.050050, 0.998743, -0.002846, 0.000000,
                      0.029815, -0.004342, -0.999546, 0.000000,
                      -0.998302, 0.049942, -0.029995, 0.000000,
                      0.107070, 0.082831, 0.017870, 1.000000;;
                     }

                     Frame Bone033 {
                        FrameTransformMatrix {
                         1.000000, 0.000000, 0.000000, 0.000000,
                         0.000000, 1.000000, 0.000000, 0.000000,
                         0.000000, 0.000000, 1.000000, 0.000000,
                         0.000000, 0.000000, 0.000000, 1.000000;;
                        }

                        Frame Bone034 {
                           FrameTransformMatrix {
                            0.995396, -0.095846, 0.000000, 0.000000,
                            0.095846, 0.995396, 0.000000, 0.000000,
                            0.000000, 0.000000, 1.000000, 0.000000,
                            0.376175, 0.000000, 0.000000, 1.000000;;
                           }

                           Frame Bone035 {
                              FrameTransformMatrix {
                               0.997564, -0.069756, 0.000000, 0.000000,
                               0.069756, 0.997564, 0.000000, 0.000000,
                               0.000000, 0.000000, 1.000000, 0.000000,
                               0.111005, 0.000000, 0.000000, 1.000000;;
                              }

                              Frame Bone036 {
                                 FrameTransformMatrix {
                                  0.500000, 0.866025, 0.000000, 0.000000,
                                  -0.866025, 0.500000, 0.000000, 0.000000,
                                  0.000000, 0.000000, 1.000000, 0.000000,
                                  0.348630, 0.000000, 0.000000, 1.000000;;
                                 }

                                 Frame Bone037 {
                                    FrameTransformMatrix {
                                     1.000000, 0.000000, 0.000000, 0.000000,
                                     0.000000, 1.000000, 0.000000, 0.000000,
                                     0.000000, 0.000000, 1.000000, 0.000000,
                                     0.160128, 0.000000, 0.000000, 1.000000;;
                                    }

                                 }
                              }
                           }
                        }
                     }
                  }
                  Frame Bone038 {
                     FrameTransformMatrix {
                      0.970296, 0.241922, -0.000000, 0.000000,
                      -0.241333, 0.967932, 0.069756, 0.000000,
                      0.016876, -0.067684, 0.997564, 0.000000,
                      -0.170000, -0.035152, -0.012543, 1.000000;;
                     }

                     Frame Bone039 {
                        FrameTransformMatrix {
                         0.998630, 0.003651, 0.052208, 0.000000,
                         -0.003651, 0.999993, -0.000095, 0.000000,
                         -0.052208, -0.000095, 0.998636, 0.000000,
                         -0.003735, 0.135262, -0.003850, 1.000000;;
                        }

                     }
                  }
                  Frame Bone040 {
                     FrameTransformMatrix {
                      0.970296, -0.241922, 0.000000, 0.000000,
                      0.241333, 0.967932, 0.069756, 0.000000,
                      -0.016876, -0.067684, 0.997564, 0.000000,
                      0.170000, -0.035152, -0.012543, 1.000000;;
                     }

                     Frame Bone041 {
                        FrameTransformMatrix {
                         0.998630, -0.003651, -0.052208, 0.000000,
                         0.003651, 0.999993, -0.000095, 0.000000,
                         0.052208, -0.000095, 0.998636, 0.000000,
                         0.003735, 0.135262, -0.003850, 1.000000;;
                        }

                     }
                  }
                  Frame Bone042 {
                     FrameTransformMatrix {
                      -0.479701, -0.015368, -0.877297, 0.000000,
                      -0.173516, 0.981763, 0.077680, 0.000000,
                      0.860104, 0.189488, -0.473619, 0.000000,
                      -0.100000, -0.017152, -0.123460, 1.000000;;
                     }

                  }
                  Frame Bone043 {
                     FrameTransformMatrix {
                      0.479701, -0.015368, -0.877297, 0.000000,
                      0.173516, 0.981763, 0.077680, 0.000000,
                      0.860104, -0.189488, 0.473619, 0.000000,
                      0.100000, -0.017152, -0.123460, 1.000000;;
                     }

                  }
                  Frame Bone044 {
                     FrameTransformMatrix {
                      1.000000, 0.000000, 0.000000, 0.000000,
                      0.000000, 1.000000, 0.000000, 0.000000,
                      0.000000, 0.000000, 1.000000, 0.000000,
                      0.000000, -0.033152, 0.131543, 1.000000;;
                     }

                     Frame Bone045 {
                        FrameTransformMatrix {
                         1.000000, 0.000000, 0.000000, 0.000000,
                         0.000000, 0.961055, 0.276356, 0.000000,
                         0.000000, -0.276356, 0.961055, 0.000000,
                         0.000000, 0.133376, 0.042353, 1.000000;;
                        }

                     }
                  }
                  Frame Bone046 {
                     FrameTransformMatrix {
                      1.000000, 0.000000, 0.000000, 0.000000,
                      0.000000, 1.000000, 0.000000, 0.000000,
                      0.000000, 0.000000, 1.000000, 0.000000,
                      0.000000, -0.007152, -0.148457, 1.000000;;
                     }

                     Frame Bone047 {
                        FrameTransformMatrix {
                         1.000000, 0.000000, 0.000000, 0.000000,
                         0.000000, 0.997551, -0.069943, 0.000000,
                         0.000000, 0.069943, 0.997551, 0.000000,
                         0.000000, 0.123295, -0.000812, 1.000000;;
                        }

                     }
                  }
               }
               Frame Bone048 {
                  FrameTransformMatrix {
                   -0.000000, 0.000000, 1.000000, 0.000000,
                   -0.000000, 1.000000, 0.000000, 0.000000,
                   -1.000000, 0.000000, -0.000000, 0.000000,
                   0.000000, 0.000000, -0.000003, 1.000000;;
                  }

                  Frame Bone049 {
                     FrameTransformMatrix {
                      -0.000000, -1.000000, 0.000000, 0.000000,
                      1.000000, -0.000000, 0.000000, 0.000000,
                      0.000000, -0.000000, 1.000000, 0.000000,
                      0.000000, 0.000000, 0.000000, 1.000000;;
                     }

                     Frame Bone050 {
                        FrameTransformMatrix {
                         0.981627, 0.190809, 0.000000, 0.000000,
                         -0.190809, 0.981627, 0.000000, 0.000000,
                         0.000000, 0.000000, 1.000000, 0.000000,
                         0.195226, 0.000000, 0.000000, 1.000000;;
                        }

                        Frame Bone051 {
                           FrameTransformMatrix {
                            0.933580, -0.358368, 0.000000, 0.000000,
                            0.358368, 0.933580, 0.000000, 0.000000,
                            0.000000, 0.000000, 1.000000, 0.000000,
                            0.259403, 0.000000, 0.000000, 1.000000;;
                           }

                           Frame Bone052 {
                              FrameTransformMatrix {
                               1.000000, 0.000000, 0.000000, 0.000000,
                               0.000000, 1.000000, 0.000000, 0.000000,
                               0.000000, 0.000000, 1.000000, 0.000000,
                               0.127952, 0.000000, 0.000000, 1.000000;;
                              }

                              Frame Bone053 {
                                 FrameTransformMatrix {
                                  1.000000, 0.000000, 0.000000, 0.000000,
                                  0.000000, 1.000000, 0.000000, 0.000000,
                                  0.000000, 0.000000, 1.000000, 0.000000,
                                  0.061945, 0.000000, 0.000000, 1.000000;;
                                 }

                              }
                              Frame Bone054 {
                                 FrameTransformMatrix {
                                  0.999866, 0.016377, 0.000000, 0.000000,
                                  -0.016377, 0.999866, 0.000000, 0.000000,
                                  0.000000, 0.000000, 1.000000, 0.000000,
                                  -0.018275, -0.034738, 0.000000, 1.000000;;
                                 }

                              }
                              Frame Bone055 {
                                 FrameTransformMatrix {
                                  -0.059544, 0.337688, -0.939373, 0.000000,
                                  -0.994694, -0.099163, 0.027403, 0.000000,
                                  -0.083898, 0.936020, 0.341801, 0.000000,
                                  0.055982, -0.072157, 0.068851, 1.000000;;
                                 }

                              }
                              Frame Bone056 {
                                 FrameTransformMatrix {
                                  0.999866, 0.016377, 0.000001, 0.000000,
                                  -0.016377, 0.999866, -0.000000, 0.000000,
                                  -0.000001, -0.000000, 1.000000, 0.000000,
                                  0.005733, 0.042849, 0.000000, 1.000000;;
                                 }

                              }
                              Frame Bone057 {
                                 FrameTransformMatrix {
                                  0.059543, -0.337689, -0.939373, 0.000000,
                                  -0.994694, -0.099163, -0.027402, 0.000000,
                                  -0.083898, 0.936020, -0.341801, 0.000000,
                                  0.055982, -0.072157, -0.068852, 1.000000;;
                                 }

                              }
                              Frame Bone058 {
                                 FrameTransformMatrix {
                                  0.962272, 0.271037, 0.023854, 0.000000,
                                  -0.270880, 0.946077, 0.177658, 0.000000,
                                  0.025584, -0.177418, 0.983803, 0.000000,
                                  0.046938, -0.061491, -0.024301, 1.000000;;
                                 }

                              }
                              Frame Bone059 {
                                 FrameTransformMatrix {
                                  0.962272, 0.271037, -0.023854, 0.000000,
                                  -0.270880, 0.946077, -0.177658, 0.000000,
                                  -0.025584, 0.177418, 0.983803, 0.000000,
                                  0.046938, -0.061491, 0.024301, 1.000000;;
                                 }

                              }
                           }
                        }
                        Frame Bone060 {
                           FrameTransformMatrix {
                            0.981372, -0.192120, 0.000000, 0.000000,
                            0.192120, 0.981372, 0.000000, 0.000000,
                            0.000000, 0.000000, 1.000000, 0.000000,
                            0.238789, -0.003331, 0.000000, 1.000000;;
                           }

                           Frame Bone061 {
                              FrameTransformMatrix {
                               0.984807, 0.001315, 0.173648, 0.000000,
                               -0.001335, 0.999999, 0.000000, 0.000000,
                               -0.173648, -0.000232, 0.984808, 0.000000,
                               -0.053127, 0.011191, 0.075000, 1.000000;;
                              }

                              Frame Bone062 {
                                 FrameTransformMatrix {
                                  1.000000, 0.000000, 0.000000, 0.000000,
                                  0.000000, 1.000000, 0.000000, 0.000000,
                                  0.000000, 0.000000, 1.000000, 0.000000,
                                  0.104816, -0.010033, 0.027276, 1.000000;;
                                 }

                              }
                           }
                           Frame Bone063 {
                              FrameTransformMatrix {
                               -0.957720, 0.085877, 0.274588, 0.000000,
                               -0.082449, -0.996307, 0.024023, 0.000000,
                               0.275637, 0.000368, 0.961262, 0.000000,
                               -0.063660, -0.001321, 0.192688, 1.000000;;
                              }

                              Frame Bone064 {
                                 FrameTransformMatrix {
                                  1.000000, 0.000040, 0.000000, 0.000000,
                                  -0.000040, 1.000000, 0.000000, 0.000000,
                                  0.000000, 0.000000, 1.000000, 0.000000,
                                  0.000000, 0.000000, 0.000000, 1.000000;;
                                 }

                                 Frame Bone065 {
                                    FrameTransformMatrix {
                                     0.960173, 0.279406, 0.000000, 0.000000,
                                     -0.279406, 0.960173, 0.000000, 0.000000,
                                     0.000000, 0.000000, 1.000000, 0.000000,
                                     0.268351, 0.000000, 0.000000, 1.000000;;
                                    }

                                    Frame Bone066 {
                                       FrameTransformMatrix {
                                        0.999746, 0.022558, 0.000000, 0.000000,
                                        -0.022558, 0.999746, 0.000000, 0.000000,
                                        0.000000, 0.000000, 1.000000, 0.000000,
                                        0.230135, 0.000000, 0.000000, 1.000000;;
                                       }

                                       Frame Bone067 {
                                          FrameTransformMatrix {
                                           1.000000, 0.000000, 0.000000, 0.000000,
                                           0.000000, 1.000000, 0.000000, 0.000000,
                                           0.000000, 0.000000, 1.000000, 0.000000,
                                           0.088871, 0.000000, 0.000000, 1.000000;;
                                          }

                                       }
                                       Frame Bone068 {
                                          FrameTransformMatrix {
                                           -0.018151, -0.102941, -0.994522, 0.000000,
                                           0.984808, -0.173647, 0.000000, 0.000000,
                                           -0.172696, -0.979413, 0.104529, 0.000000,
                                           0.100004, 0.000008, -0.050289, 1.000000;;
                                          }

                                       }
                                       Frame Bone069 {
                                          FrameTransformMatrix {
                                           0.906308, 0.000000, -0.422618, 0.000000,
                                           -0.130596, 0.951057, -0.280064, 0.000000,
                                           0.401934, 0.309017, 0.861950, 0.000000,
                                           0.037003, 0.041999, -0.055000, 1.000000;;
                                          }

                                       }
                                       Frame Bone070 {
                                          FrameTransformMatrix {
                                           0.996195, 0.087156, 0.000000, 0.000000,
                                           -0.083779, 0.957604, -0.275637, 0.000000,
                                           -0.024024, 0.274588, 0.961262, 0.000000,
                                           0.120003, 0.034999, -0.022000, 1.000000;;
                                          }

                                       }
                                       Frame Bone071 {
                                          FrameTransformMatrix {
                                           0.965926, -0.258819, -0.000000, 0.000000,
                                           0.251131, 0.937234, -0.241922, 0.000000,
                                           0.062614, 0.233678, 0.970296, 0.000000,
                                           0.115003, -0.022001, -0.005000, 1.000000;;
                                          }

                                       }
                                    }
                                    Frame Bone072 {
                                       FrameTransformMatrix {
                                        1.000000, 0.000000, 0.000000, 0.000000,
                                        0.000000, 1.000000, 0.000000, 0.000000,
                                        0.000000, 0.000000, 1.000000, 0.000000,
                                        0.000003, -0.000001, 0.000000, 1.000000;;
                                       }

                                    }
                                 }
                                 Frame Bone073 {
                                    FrameTransformMatrix {
                                     1.000000, 0.000001, 0.000001, 0.000000,
                                     -0.000001, 1.000000, -0.000000, 0.000000,
                                     -0.000001, -0.000000, 1.000000, 0.000000,
                                     -0.018001, 0.000000, 0.058000, 1.000000;;
                                    }

                                 }
                              }
                           }
                        }
                        Frame Bone074 {
                           FrameTransformMatrix {
                            0.981372, -0.192120, 0.000000, 0.000000,
                            0.192120, 0.981372, 0.000000, 0.000000,
                            0.000000, 0.000000, 1.000000, 0.000000,
                            0.238789, -0.003331, 0.000000, 1.000000;;
                           }

                           Frame Bone075 {
                              FrameTransformMatrix {
                               0.984807, 0.001315, -0.173648, 0.000000,
                               -0.001335, 0.999999, -0.000000, 0.000000,
                               0.173648, 0.000232, 0.984808, 0.000000,
                               -0.053127, 0.011191, -0.075000, 1.000000;;
                              }

                              Frame Bone076 {
                                 FrameTransformMatrix {
                                  1.000000, 0.000000, 0.000000, 0.000000,
                                  0.000000, 1.000000, 0.000000, 0.000000,
                                  0.000000, 0.000000, 1.000000, 0.000000,
                                  0.104816, -0.010033, -0.027276, 1.000000;;
                                 }

                              }
                           }
                           Frame Bone077 {
                              FrameTransformMatrix {
                               -0.957719, 0.085877, -0.274588, 0.000000,
                               -0.082449, -0.996306, -0.024023, 0.000000,
                               -0.275637, -0.000368, 0.961262, 0.000000,
                               -0.063660, -0.001321, -0.192688, 1.000000;;
                              }

                              Frame Bone078 {
                                 FrameTransformMatrix {
                                  1.000000, 0.000042, 0.000000, 0.000000,
                                  -0.000042, 1.000000, 0.000000, 0.000000,
                                  0.000000, 0.000000, 1.000000, 0.000000,
                                  0.000000, 0.000000, 0.000000, 1.000000;;
                                 }

                                 Frame Bone079 {
                                    FrameTransformMatrix {
                                     0.960174, 0.279403, 0.000000, 0.000000,
                                     -0.279403, 0.960174, 0.000000, 0.000000,
                                     0.000000, 0.000000, 1.000000, 0.000000,
                                     0.268351, 0.000000, 0.000000, 1.000000;;
                                    }

                                    Frame Bone080 {
                                       FrameTransformMatrix {
                                        0.999746, 0.022558, 0.000000, 0.000000,
                                        -0.022558, 0.999746, 0.000000, 0.000000,
                                        0.000000, 0.000000, 1.000000, 0.000000,
                                        0.230135, 0.000000, 0.000000, 1.000000;;
                                       }

                                       Frame Bone081 {
                                          FrameTransformMatrix {
                                           1.000000, 0.000000, 0.000000, 0.000000,
                                           0.000000, 1.000000, 0.000000, 0.000000,
                                           0.000000, 0.000000, 1.000000, 0.000000,
                                           0.088871, 0.000000, 0.000000, 1.000000;;
                                          }

                                       }
                                       Frame Bone082 {
                                          FrameTransformMatrix {
                                           0.906308, 0.000000, 0.422618, 0.000000,
                                           -0.130596, 0.951057, 0.280064, 0.000000,
                                           -0.401934, -0.309017, 0.861950, 0.000000,
                                           0.037002, 0.041999, 0.055000, 1.000000;;
                                          }

                                       }
                                       Frame Bone083 {
                                          FrameTransformMatrix {
                                           0.996195, 0.087156, 0.000000, 0.000000,
                                           -0.083779, 0.957604, 0.275637, 0.000000,
                                           0.024023, -0.274588, 0.961262, 0.000000,
                                           0.120002, 0.034999, 0.022000, 1.000000;;
                                          }

                                       }
                                       Frame Bone084 {
                                          FrameTransformMatrix {
                                           0.965926, -0.258819, 0.000000, 0.000000,
                                           0.251131, 0.937234, 0.241921, 0.000000,
                                           -0.062614, -0.233678, 0.970296, 0.000000,
                                           0.115002, -0.022001, 0.005000, 1.000000;;
                                          }

                                       }
                                       Frame Bone085 {
                                          FrameTransformMatrix {
                                           0.018151, 0.102941, -0.994522, 0.000000,
                                           0.984808, -0.173645, 0.000000, 0.000000,
                                           -0.172694, -0.979413, -0.104529, 0.000000,
                                           0.100007, 0.000021, 0.049543, 1.000000;;
                                          }

                                       }
                                    }
                                    Frame Bone086 {
                                       FrameTransformMatrix {
                                        0.999999, 0.001571, 0.000000, 0.000000,
                                        -0.001571, 0.999999, 0.000000, 0.000000,
                                        0.000000, 0.000000, 1.000000, 0.000000,
                                        0.000002, -0.000001, 0.000000, 1.000000;;
                                       }

                                    }
                                    Frame Bone087 {
                                       FrameTransformMatrix {
                                        0.942857, -0.187202, 0.275637, 0.000000,
                                        0.194746, 0.980854, 0.000000, 0.000000,
                                        -0.270360, 0.053679, 0.961262, 0.000000,
                                        1.008594, -0.182002, 0.643765, 1.000000;;
                                       }

                                    }
                                 }
                                 Frame Bone088 {
                                    FrameTransformMatrix {
                                     1.000000, 0.000000, 0.000000, 0.000000,
                                     0.000000, 1.000000, 0.000000, 0.000000,
                                     0.000000, 0.000000, 1.000000, 0.000000,
                                     -0.018001, 0.000000, -0.058000, 1.000000;;
